Red Channel:
L00: 1.547129
L1-1: 0.132979
L10: -0.145935
L11: -0.034096
L2-2: -0.048087
L2-1: -0.096032
L20: -0.020009
L21: 0.004499
L22: -0.057478

Green Channel:
L00: 1.362958
L1-1: 0.126436
L10: -0.164812
L11: -0.022178
L2-2: -0.011448
L2-1: -0.103804
L20: -0.014064
L21: 0.011732
L22: -0.001975

Blue Channel:
L00: 0.761765
L1-1: 0.070884
L10: -0.147161
L11: -0.036263
L2-2: 0.053639
L2-1: -0.090916
L20: -0.001005
L21: 0.038809
L22: 0.063920
